wCr = 0.191
wFe = 0.185
wNb = 0.0504
wMo = 0.0295
wTi = 0.0091
wAl = 0.0058
wCo = 0.0007
wC  = 0.00035
wMn = 0.0005
wSi = 0.0013
wS  = 0.00001
wB  = 0.00001
wCu = 0.001
