DIMENSION = 2
MESH_X = 512
MESH_Y = 512
MESH_Z = 1
DELTA_X = 5.000000e-10
DELTA_Y = 5.000000e-10
DELTA_Z = 1.000000e+00
DELTA_t = 2.000000e-08
NUMPHASES = 2
NUMCOMPONENTS = 2
NTIMESTEPS = 10000
NSMOOTH = 0
SAVET = 100
STARTTIME = 0
GAMMA = 1.248400e-01
R = 8.314000e+00
V = 9.600000e-06
EIGEN_STRAIN = 0
EIGEN_STRAIN = 0
VOIGT_ISOTROPIC = 0
VOIGT_ISOTROPIC = 0
BOUNDARY = 0
BOUNDARY = 0
BOUNDARY = 0
BOUNDARY = 0
BOUNDARY_VALUE = 0
BOUNDARY_VALUE = 0
BOUNDARY_VALUE = 0
BOUNDARY_VALUE = 0
WRITEFORMAT = 1
TRACK_PROGRESS = 100
Tau = 5.000000e+13
epsilon = 4.000000e-09
Equilibrium_temperature = 5.500000e+02
T = 4.500000e+02
Function_F = 3
ceq
0 0 0	8.595740e-01	0 1 0	8.595740e-01	
1 0 0	8.595740e-01	1 1 0	1.594125e-02	
